Time taken: 110.80 seconds
Visited nodes: 2210137

Directions: SLLDLURDRULDDLUURDDLDRURRUULLDDLURRDLURRDLDLUURDLDRR
Path: [6, 10, 9, 4, 14, 9, 4, 1, 10, 4, 1, 3, 2, 14, 9, 1, 3, 2, 14, 12, 13, 14, 5, 11, 8, 6, 4, 3, 2, 5, 12, 9, 5, 10, 11, 12, 10, 11, 6, 8, 12, 7, 14, 10, 11, 6, 7, 11, 10, 14, 15]
Path length: 51
Step 0, Start:
14 10 6 0
4 9 1 8
2 3 5 11
12 13 7 15

Step 1, Left:
14 10 0 6
4 9 1 8
2 3 5 11
12 13 7 15

Step 2, Left:
14 0 10 6
4 9 1 8
2 3 5 11
12 13 7 15

Step 3, Down:
14 9 10 6
4 0 1 8
2 3 5 11
12 13 7 15

Step 4, Left:
14 9 10 6
0 4 1 8
2 3 5 11
12 13 7 15

Step 5, Up:
0 9 10 6
14 4 1 8
2 3 5 11
12 13 7 15

Step 6, Right:
9 0 10 6
14 4 1 8
2 3 5 11
12 13 7 15

Step 7, Down:
9 4 10 6
14 0 1 8
2 3 5 11
12 13 7 15

Step 8, Right:
9 4 10 6
14 1 0 8
2 3 5 11
12 13 7 15

Step 9, Up:
9 4 0 6
14 1 10 8
2 3 5 11
12 13 7 15

Step 10, Left:
9 0 4 6
14 1 10 8
2 3 5 11
12 13 7 15

Step 11, Down:
9 1 4 6
14 0 10 8
2 3 5 11
12 13 7 15

Step 12, Down:
9 1 4 6
14 3 10 8
2 0 5 11
12 13 7 15

Step 13, Left:
9 1 4 6
14 3 10 8
0 2 5 11
12 13 7 15

Step 14, Up:
9 1 4 6
0 3 10 8
14 2 5 11
12 13 7 15

Step 15, Up:
0 1 4 6
9 3 10 8
14 2 5 11
12 13 7 15

Step 16, Right:
1 0 4 6
9 3 10 8
14 2 5 11
12 13 7 15

Step 17, Down:
1 3 4 6
9 0 10 8
14 2 5 11
12 13 7 15

Step 18, Down:
1 3 4 6
9 2 10 8
14 0 5 11
12 13 7 15

Step 19, Left:
1 3 4 6
9 2 10 8
0 14 5 11
12 13 7 15

Step 20, Down:
1 3 4 6
9 2 10 8
12 14 5 11
0 13 7 15

Step 21, Right:
1 3 4 6
9 2 10 8
12 14 5 11
13 0 7 15

Step 22, Up:
1 3 4 6
9 2 10 8
12 0 5 11
13 14 7 15

Step 23, Right:
1 3 4 6
9 2 10 8
12 5 0 11
13 14 7 15

Step 24, Right:
1 3 4 6
9 2 10 8
12 5 11 0
13 14 7 15

Step 25, Up:
1 3 4 6
9 2 10 0
12 5 11 8
13 14 7 15

Step 26, Up:
1 3 4 0
9 2 10 6
12 5 11 8
13 14 7 15

Step 27, Left:
1 3 0 4
9 2 10 6
12 5 11 8
13 14 7 15

Step 28, Left:
1 0 3 4
9 2 10 6
12 5 11 8
13 14 7 15

Step 29, Down:
1 2 3 4
9 0 10 6
12 5 11 8
13 14 7 15

Step 30, Down:
1 2 3 4
9 5 10 6
12 0 11 8
13 14 7 15

Step 31, Left:
1 2 3 4
9 5 10 6
0 12 11 8
13 14 7 15

Step 32, Up:
1 2 3 4
0 5 10 6
9 12 11 8
13 14 7 15

Step 33, Right:
1 2 3 4
5 0 10 6
9 12 11 8
13 14 7 15

Step 34, Right:
1 2 3 4
5 10 0 6
9 12 11 8
13 14 7 15

Step 35, Down:
1 2 3 4
5 10 11 6
9 12 0 8
13 14 7 15

Step 36, Left:
1 2 3 4
5 10 11 6
9 0 12 8
13 14 7 15

Step 37, Up:
1 2 3 4
5 0 11 6
9 10 12 8
13 14 7 15

Step 38, Right:
1 2 3 4
5 11 0 6
9 10 12 8
13 14 7 15

Step 39, Right:
1 2 3 4
5 11 6 0
9 10 12 8
13 14 7 15

Step 40, Down:
1 2 3 4
5 11 6 8
9 10 12 0
13 14 7 15

Step 41, Left:
1 2 3 4
5 11 6 8
9 10 0 12
13 14 7 15

Step 42, Down:
1 2 3 4
5 11 6 8
9 10 7 12
13 14 0 15

Step 43, Left:
1 2 3 4
5 11 6 8
9 10 7 12
13 0 14 15

Step 44, Up:
1 2 3 4
5 11 6 8
9 0 7 12
13 10 14 15

Step 45, Up:
1 2 3 4
5 0 6 8
9 11 7 12
13 10 14 15

Step 46, Right:
1 2 3 4
5 6 0 8
9 11 7 12
13 10 14 15

Step 47, Down:
1 2 3 4
5 6 7 8
9 11 0 12
13 10 14 15

Step 48, Left:
1 2 3 4
5 6 7 8
9 0 11 12
13 10 14 15

Step 49, Down:
1 2 3 4
5 6 7 8
9 10 11 12
13 0 14 15

Step 50, Right:
1 2 3 4
5 6 7 8
9 10 11 12
13 14 0 15

Step 51, Right:
1 2 3 4
5 6 7 8
9 10 11 12
13 14 15 0

