Time taken: 0.00 seconds
Visited nodes: 168

Directions: SLDRUURDDLUURULDLDDLURRDR
Path: [15, 6, 9, 15, 11, 10, 3, 12, 15, 11, 10, 3, 8, 4, 3, 7, 6, 9, 14, 13, 9, 10, 11, 15]
Path length: 24
Step 0, Start:
1 2 4 8
5 7 11 10
13 15 0 3
14 6 9 12

Step 1, Left:
1 2 4 8
5 7 11 10
13 0 15 3
14 6 9 12

Step 2, Down:
1 2 4 8
5 7 11 10
13 6 15 3
14 0 9 12

Step 3, Right:
1 2 4 8
5 7 11 10
13 6 15 3
14 9 0 12

Step 4, Up:
1 2 4 8
5 7 11 10
13 6 0 3
14 9 15 12

Step 5, Up:
1 2 4 8
5 7 0 10
13 6 11 3
14 9 15 12

Step 6, Right:
1 2 4 8
5 7 10 0
13 6 11 3
14 9 15 12

Step 7, Down:
1 2 4 8
5 7 10 3
13 6 11 0
14 9 15 12

Step 8, Down:
1 2 4 8
5 7 10 3
13 6 11 12
14 9 15 0

Step 9, Left:
1 2 4 8
5 7 10 3
13 6 11 12
14 9 0 15

Step 10, Up:
1 2 4 8
5 7 10 3
13 6 0 12
14 9 11 15

Step 11, Up:
1 2 4 8
5 7 0 3
13 6 10 12
14 9 11 15

Step 12, Right:
1 2 4 8
5 7 3 0
13 6 10 12
14 9 11 15

Step 13, Up:
1 2 4 0
5 7 3 8
13 6 10 12
14 9 11 15

Step 14, Left:
1 2 0 4
5 7 3 8
13 6 10 12
14 9 11 15

Step 15, Down:
1 2 3 4
5 7 0 8
13 6 10 12
14 9 11 15

Step 16, Left:
1 2 3 4
5 0 7 8
13 6 10 12
14 9 11 15

Step 17, Down:
1 2 3 4
5 6 7 8
13 0 10 12
14 9 11 15

Step 18, Down:
1 2 3 4
5 6 7 8
13 9 10 12
14 0 11 15

Step 19, Left:
1 2 3 4
5 6 7 8
13 9 10 12
0 14 11 15

Step 20, Up:
1 2 3 4
5 6 7 8
0 9 10 12
13 14 11 15

Step 21, Right:
1 2 3 4
5 6 7 8
9 0 10 12
13 14 11 15

Step 22, Right:
1 2 3 4
5 6 7 8
9 10 0 12
13 14 11 15

Step 23, Down:
1 2 3 4
5 6 7 8
9 10 11 12
13 14 0 15

Step 24, Right:
1 2 3 4
5 6 7 8
9 10 11 12
13 14 15 0

