Time taken: 656.15 seconds
Visited nodes: 12695242

Directions: SDLLURRURDDLUURULDRDDLLURULLDDRRULUULDDDRUUURRDDDLURULDDR
Path: [9, 12, 13, 5, 1, 9, 7, 11, 2, 4, 12, 7, 11, 2, 15, 3, 2, 15, 4, 12, 7, 13, 9, 11, 15, 8, 14, 1, 5, 9, 13, 15, 11, 14, 10, 6, 1, 5, 9, 13, 14, 10, 6, 2, 3, 4, 12, 7, 15, 11, 7, 12, 8, 7, 11, 15]
Path length: 56
Step 0, Start:
6 10 3 15
14 8 7 11
5 1 0 2
13 12 9 4

Step 1, Down:
6 10 3 15
14 8 7 11
5 1 9 2
13 12 0 4

Step 2, Left:
6 10 3 15
14 8 7 11
5 1 9 2
13 0 12 4

Step 3, Left:
6 10 3 15
14 8 7 11
5 1 9 2
0 13 12 4

Step 4, Up:
6 10 3 15
14 8 7 11
0 1 9 2
5 13 12 4

Step 5, Right:
6 10 3 15
14 8 7 11
1 0 9 2
5 13 12 4

Step 6, Right:
6 10 3 15
14 8 7 11
1 9 0 2
5 13 12 4

Step 7, Up:
6 10 3 15
14 8 0 11
1 9 7 2
5 13 12 4

Step 8, Right:
6 10 3 15
14 8 11 0
1 9 7 2
5 13 12 4

Step 9, Down:
6 10 3 15
14 8 11 2
1 9 7 0
5 13 12 4

Step 10, Down:
6 10 3 15
14 8 11 2
1 9 7 4
5 13 12 0

Step 11, Left:
6 10 3 15
14 8 11 2
1 9 7 4
5 13 0 12

Step 12, Up:
6 10 3 15
14 8 11 2
1 9 0 4
5 13 7 12

Step 13, Up:
6 10 3 15
14 8 0 2
1 9 11 4
5 13 7 12

Step 14, Right:
6 10 3 15
14 8 2 0
1 9 11 4
5 13 7 12

Step 15, Up:
6 10 3 0
14 8 2 15
1 9 11 4
5 13 7 12

Step 16, Left:
6 10 0 3
14 8 2 15
1 9 11 4
5 13 7 12

Step 17, Down:
6 10 2 3
14 8 0 15
1 9 11 4
5 13 7 12

Step 18, Right:
6 10 2 3
14 8 15 0
1 9 11 4
5 13 7 12

Step 19, Down:
6 10 2 3
14 8 15 4
1 9 11 0
5 13 7 12

Step 20, Down:
6 10 2 3
14 8 15 4
1 9 11 12
5 13 7 0

Step 21, Left:
6 10 2 3
14 8 15 4
1 9 11 12
5 13 0 7

Step 22, Left:
6 10 2 3
14 8 15 4
1 9 11 12
5 0 13 7

Step 23, Up:
6 10 2 3
14 8 15 4
1 0 11 12
5 9 13 7

Step 24, Right:
6 10 2 3
14 8 15 4
1 11 0 12
5 9 13 7

Step 25, Up:
6 10 2 3
14 8 0 4
1 11 15 12
5 9 13 7

Step 26, Left:
6 10 2 3
14 0 8 4
1 11 15 12
5 9 13 7

Step 27, Left:
6 10 2 3
0 14 8 4
1 11 15 12
5 9 13 7

Step 28, Down:
6 10 2 3
1 14 8 4
0 11 15 12
5 9 13 7

Step 29, Down:
6 10 2 3
1 14 8 4
5 11 15 12
0 9 13 7

Step 30, Right:
6 10 2 3
1 14 8 4
5 11 15 12
9 0 13 7

Step 31, Right:
6 10 2 3
1 14 8 4
5 11 15 12
9 13 0 7

Step 32, Up:
6 10 2 3
1 14 8 4
5 11 0 12
9 13 15 7

Step 33, Left:
6 10 2 3
1 14 8 4
5 0 11 12
9 13 15 7

Step 34, Up:
6 10 2 3
1 0 8 4
5 14 11 12
9 13 15 7

Step 35, Up:
6 0 2 3
1 10 8 4
5 14 11 12
9 13 15 7

Step 36, Left:
0 6 2 3
1 10 8 4
5 14 11 12
9 13 15 7

Step 37, Down:
1 6 2 3
0 10 8 4
5 14 11 12
9 13 15 7

Step 38, Down:
1 6 2 3
5 10 8 4
0 14 11 12
9 13 15 7

Step 39, Down:
1 6 2 3
5 10 8 4
9 14 11 12
0 13 15 7

Step 40, Right:
1 6 2 3
5 10 8 4
9 14 11 12
13 0 15 7

Step 41, Up:
1 6 2 3
5 10 8 4
9 0 11 12
13 14 15 7

Step 42, Up:
1 6 2 3
5 0 8 4
9 10 11 12
13 14 15 7

Step 43, Up:
1 0 2 3
5 6 8 4
9 10 11 12
13 14 15 7

Step 44, Right:
1 2 0 3
5 6 8 4
9 10 11 12
13 14 15 7

Step 45, Right:
1 2 3 0
5 6 8 4
9 10 11 12
13 14 15 7

Step 46, Down:
1 2 3 4
5 6 8 0
9 10 11 12
13 14 15 7

Step 47, Down:
1 2 3 4
5 6 8 12
9 10 11 0
13 14 15 7

Step 48, Down:
1 2 3 4
5 6 8 12
9 10 11 7
13 14 15 0

Step 49, Left:
1 2 3 4
5 6 8 12
9 10 11 7
13 14 0 15

Step 50, Up:
1 2 3 4
5 6 8 12
9 10 0 7
13 14 11 15

Step 51, Right:
1 2 3 4
5 6 8 12
9 10 7 0
13 14 11 15

Step 52, Up:
1 2 3 4
5 6 8 0
9 10 7 12
13 14 11 15

Step 53, Left:
1 2 3 4
5 6 0 8
9 10 7 12
13 14 11 15

Step 54, Down:
1 2 3 4
5 6 7 8
9 10 0 12
13 14 11 15

Step 55, Down:
1 2 3 4
5 6 7 8
9 10 11 12
13 14 0 15

Step 56, Right:
1 2 3 4
5 6 7 8
9 10 11 12
13 14 15 0

