Time taken: 205.88 seconds
Visited nodes: 3885656
Directions: SULULDDRRULLLDRRULLDRUULURRDLLURRDRDDLURUULDLLDRRULURDRDD
Path: [13, 10, 8, 6, 9, 12, 5, 13, 10, 8, 12, 15, 14, 5, 13, 12, 15, 14, 5, 13, 14, 9, 4, 11, 3, 1, 6, 4, 11, 3, 1, 6, 4, 2, 8, 10, 12, 15, 10, 8, 7, 4, 2, 11, 3, 5, 9, 10, 11, 3, 6, 2, 3, 7, 8, 12]
Path length: 56

Step 0, Start:
11 3 1 7
4 6 8 2
15 9 10 13
14 12 5 0

Step 1, Up:
11 3 1 7
4 6 8 2
15 9 10 0
14 12 5 13

Step 2, Left:
11 3 1 7
4 6 8 2
15 9 0 10
14 12 5 13

Step 3, Up:
11 3 1 7
4 6 0 2
15 9 8 10
14 12 5 13

Step 4, Left:
11 3 1 7
4 0 6 2
15 9 8 10
14 12 5 13

Step 5, Down:
11 3 1 7
4 9 6 2
15 0 8 10
14 12 5 13

Step 6, Down:
11 3 1 7
4 9 6 2
15 12 8 10
14 0 5 13

Step 7, Right:
11 3 1 7
4 9 6 2
15 12 8 10
14 5 0 13

Step 8, Right:
11 3 1 7
4 9 6 2
15 12 8 10
14 5 13 0

Step 9, Up:
11 3 1 7
4 9 6 2
15 12 8 0
14 5 13 10

Step 10, Left:
11 3 1 7
4 9 6 2
15 12 0 8
14 5 13 10

Step 11, Left:
11 3 1 7
4 9 6 2
15 0 12 8
14 5 13 10

Step 12, Left:
11 3 1 7
4 9 6 2
0 15 12 8
14 5 13 10

Step 13, Down:
11 3 1 7
4 9 6 2
14 15 12 8
0 5 13 10

Step 14, Right:
11 3 1 7
4 9 6 2
14 15 12 8
5 0 13 10

Step 15, Right:
11 3 1 7
4 9 6 2
14 15 12 8
5 13 0 10

Step 16, Up:
11 3 1 7
4 9 6 2
14 15 0 8
5 13 12 10

Step 17, Left:
11 3 1 7
4 9 6 2
14 0 15 8
5 13 12 10

Step 18, Left:
11 3 1 7
4 9 6 2
0 14 15 8
5 13 12 10

Step 19, Down:
11 3 1 7
4 9 6 2
5 14 15 8
0 13 12 10

Step 20, Right:
11 3 1 7
4 9 6 2
5 14 15 8
13 0 12 10

Step 21, Up:
11 3 1 7
4 9 6 2
5 0 15 8
13 14 12 10

Step 22, Up:
11 3 1 7
4 0 6 2
5 9 15 8
13 14 12 10

Step 23, Left:
11 3 1 7
0 4 6 2
5 9 15 8
13 14 12 10

Step 24, Up:
0 3 1 7
11 4 6 2
5 9 15 8
13 14 12 10

Step 25, Right:
3 0 1 7
11 4 6 2
5 9 15 8
13 14 12 10

Step 26, Right:
3 1 0 7
11 4 6 2
5 9 15 8
13 14 12 10

Step 27, Down:
3 1 6 7
11 4 0 2
5 9 15 8
13 14 12 10

Step 28, Left:
3 1 6 7
11 0 4 2
5 9 15 8
13 14 12 10

Step 29, Left:
3 1 6 7
0 11 4 2
5 9 15 8
13 14 12 10

Step 30, Up:
0 1 6 7
3 11 4 2
5 9 15 8
13 14 12 10

Step 31, Right:
1 0 6 7
3 11 4 2
5 9 15 8
13 14 12 10

Step 32, Right:
1 6 0 7
3 11 4 2
5 9 15 8
13 14 12 10

Step 33, Down:
1 6 4 7
3 11 0 2
5 9 15 8
13 14 12 10

Step 34, Right:
1 6 4 7
3 11 2 0
5 9 15 8
13 14 12 10

Step 35, Down:
1 6 4 7
3 11 2 8
5 9 15 0
13 14 12 10

Step 36, Down:
1 6 4 7
3 11 2 8
5 9 15 10
13 14 12 0

Step 37, Left:
1 6 4 7
3 11 2 8
5 9 15 10
13 14 0 12

Step 38, Up:
1 6 4 7
3 11 2 8
5 9 0 10
13 14 15 12

Step 39, Right:
1 6 4 7
3 11 2 8
5 9 10 0
13 14 15 12

Step 40, Up:
1 6 4 7
3 11 2 0
5 9 10 8
13 14 15 12

Step 41, Up:
1 6 4 0
3 11 2 7
5 9 10 8
13 14 15 12

Step 42, Left:
1 6 0 4
3 11 2 7
5 9 10 8
13 14 15 12

Step 43, Down:
1 6 2 4
3 11 0 7
5 9 10 8
13 14 15 12

Step 44, Left:
1 6 2 4
3 0 11 7
5 9 10 8
13 14 15 12

Step 45, Left:
1 6 2 4
0 3 11 7
5 9 10 8
13 14 15 12

Step 46, Down:
1 6 2 4
5 3 11 7
0 9 10 8
13 14 15 12

Step 47, Right:
1 6 2 4
5 3 11 7
9 0 10 8
13 14 15 12

Step 48, Right:
1 6 2 4
5 3 11 7
9 10 0 8
13 14 15 12

Step 49, Up:
1 6 2 4
5 3 0 7
9 10 11 8
13 14 15 12

Step 50, Left:
1 6 2 4
5 0 3 7
9 10 11 8
13 14 15 12

Step 51, Up:
1 0 2 4
5 6 3 7
9 10 11 8
13 14 15 12

Step 52, Right:
1 2 0 4
5 6 3 7
9 10 11 8
13 14 15 12

Step 53, Down:
1 2 3 4
5 6 0 7
9 10 11 8
13 14 15 12

Step 54, Right:
1 2 3 4
5 6 7 0
9 10 11 8
13 14 15 12

Step 55, Down:
1 2 3 4
5 6 7 8
9 10 11 0
13 14 15 12

Step 56, Down:
1 2 3 4
5 6 7 8
9 10 11 12
13 14 15 0

