Time taken: 3478.45 seconds
Directions: SDRDLURULDRDDLUURRDRDLLURURDDLUUURDDDLUUULLDDRDRUUURDDDLULLDRRR
Path: [7, 9, 2, 1, 9, 2, 5, 7, 2, 5, 1, 11, 8, 9, 5, 1, 6, 12, 10, 3, 4, 8, 11, 10, 12, 13, 3, 4, 8, 12, 13, 15, 14, 3, 4, 8, 12, 13, 15, 14, 7, 2, 1, 5, 10, 11, 13, 15, 14, 7, 3, 4, 8, 12, 15, 14, 11, 10, 9, 13, 14, 15]
Path length: 62
Step 0, Start:
0 5 15 14
7 9 6 13
1 2 12 10
8 11 4 3

Step 1, Down:
7 5 15 14
0 9 6 13
1 2 12 10
8 11 4 3

Step 2, Right:
7 5 15 14
9 0 6 13
1 2 12 10
8 11 4 3

Step 3, Down:
7 5 15 14
9 2 6 13
1 0 12 10
8 11 4 3

Step 4, Left:
7 5 15 14
9 2 6 13
0 1 12 10
8 11 4 3

Step 5, Up:
7 5 15 14
0 2 6 13
9 1 12 10
8 11 4 3

Step 6, Right:
7 5 15 14
2 0 6 13
9 1 12 10
8 11 4 3

Step 7, Up:
7 0 15 14
2 5 6 13
9 1 12 10
8 11 4 3

Step 8, Left:
0 7 15 14
2 5 6 13
9 1 12 10
8 11 4 3

Step 9, Down:
2 7 15 14
0 5 6 13
9 1 12 10
8 11 4 3

Step 10, Right:
2 7 15 14
5 0 6 13
9 1 12 10
8 11 4 3

Step 11, Down:
2 7 15 14
5 1 6 13
9 0 12 10
8 11 4 3

Step 12, Down:
2 7 15 14
5 1 6 13
9 11 12 10
8 0 4 3

Step 13, Left:
2 7 15 14
5 1 6 13
9 11 12 10
0 8 4 3

Step 14, Up:
2 7 15 14
5 1 6 13
0 11 12 10
9 8 4 3

Step 15, Up:
2 7 15 14
0 1 6 13
5 11 12 10
9 8 4 3

Step 16, Right:
2 7 15 14
1 0 6 13
5 11 12 10
9 8 4 3

Step 17, Right:
2 7 15 14
1 6 0 13
5 11 12 10
9 8 4 3

Step 18, Down:
2 7 15 14
1 6 12 13
5 11 0 10
9 8 4 3

Step 19, Right:
2 7 15 14
1 6 12 13
5 11 10 0
9 8 4 3

Step 20, Down:
2 7 15 14
1 6 12 13
5 11 10 3
9 8 4 0

Step 21, Left:
2 7 15 14
1 6 12 13
5 11 10 3
9 8 0 4

Step 22, Left:
2 7 15 14
1 6 12 13
5 11 10 3
9 0 8 4

Step 23, Up:
2 7 15 14
1 6 12 13
5 0 10 3
9 11 8 4

Step 24, Right:
2 7 15 14
1 6 12 13
5 10 0 3
9 11 8 4

Step 25, Up:
2 7 15 14
1 6 0 13
5 10 12 3
9 11 8 4

Step 26, Right:
2 7 15 14
1 6 13 0
5 10 12 3
9 11 8 4

Step 27, Down:
2 7 15 14
1 6 13 3
5 10 12 0
9 11 8 4

Step 28, Down:
2 7 15 14
1 6 13 3
5 10 12 4
9 11 8 0

Step 29, Left:
2 7 15 14
1 6 13 3
5 10 12 4
9 11 0 8

Step 30, Up:
2 7 15 14
1 6 13 3
5 10 0 4
9 11 12 8

Step 31, Up:
2 7 15 14
1 6 0 3
5 10 13 4
9 11 12 8

Step 32, Up:
2 7 0 14
1 6 15 3
5 10 13 4
9 11 12 8

Step 33, Right:
2 7 14 0
1 6 15 3
5 10 13 4
9 11 12 8

Step 34, Down:
2 7 14 3
1 6 15 0
5 10 13 4
9 11 12 8

Step 35, Down:
2 7 14 3
1 6 15 4
5 10 13 0
9 11 12 8

Step 36, Down:
2 7 14 3
1 6 15 4
5 10 13 8
9 11 12 0

Step 37, Left:
2 7 14 3
1 6 15 4
5 10 13 8
9 11 0 12

Step 38, Up:
2 7 14 3
1 6 15 4
5 10 0 8
9 11 13 12

Step 39, Up:
2 7 14 3
1 6 0 4
5 10 15 8
9 11 13 12

Step 40, Up:
2 7 0 3
1 6 14 4
5 10 15 8
9 11 13 12

Step 41, Left:
2 0 7 3
1 6 14 4
5 10 15 8
9 11 13 12

Step 42, Left:
0 2 7 3
1 6 14 4
5 10 15 8
9 11 13 12

Step 43, Down:
1 2 7 3
0 6 14 4
5 10 15 8
9 11 13 12

Step 44, Down:
1 2 7 3
5 6 14 4
0 10 15 8
9 11 13 12

Step 45, Right:
1 2 7 3
5 6 14 4
10 0 15 8
9 11 13 12

Step 46, Down:
1 2 7 3
5 6 14 4
10 11 15 8
9 0 13 12

Step 47, Right:
1 2 7 3
5 6 14 4
10 11 15 8
9 13 0 12

Step 48, Up:
1 2 7 3
5 6 14 4
10 11 0 8
9 13 15 12

Step 49, Up:
1 2 7 3
5 6 0 4
10 11 14 8
9 13 15 12

Step 50, Up:
1 2 0 3
5 6 7 4
10 11 14 8
9 13 15 12

Step 51, Right:
1 2 3 0
5 6 7 4
10 11 14 8
9 13 15 12

Step 52, Down:
1 2 3 4
5 6 7 0
10 11 14 8
9 13 15 12

Step 53, Down:
1 2 3 4
5 6 7 8
10 11 14 0
9 13 15 12

Step 54, Down:
1 2 3 4
5 6 7 8
10 11 14 12
9 13 15 0

Step 55, Left:
1 2 3 4
5 6 7 8
10 11 14 12
9 13 0 15

Step 56, Up:
1 2 3 4
5 6 7 8
10 11 0 12
9 13 14 15

Step 57, Left:
1 2 3 4
5 6 7 8
10 0 11 12
9 13 14 15

Step 58, Left:
1 2 3 4
5 6 7 8
0 10 11 12
9 13 14 15

Step 59, Down:
1 2 3 4
5 6 7 8
9 10 11 12
0 13 14 15

Step 60, Right:
1 2 3 4
5 6 7 8
9 10 11 12
13 0 14 15

Step 61, Right:
1 2 3 4
5 6 7 8
9 10 11 12
13 14 0 15

Step 62, Right:
1 2 3 4
5 6 7 8
9 10 11 12
13 14 15 0

