Time taken: 0.00 seconds
Directions: SRULDLDRURUULDLDDLURRRD
Path: [3, 10, 11, 3, 15, 6, 9, 15, 10, 11, 8, 4, 3, 7, 6, 9, 14, 13, 9, 10, 11, 12]
Path length: 22
Step 0, Start:
1 2 4 8
5 7 11 10
13 15 0 3
14 6 9 12

Step 1, Right:
1 2 4 8
5 7 11 10
13 15 3 0
14 6 9 12

Step 2, Up:
1 2 4 8
5 7 11 0
13 15 3 10
14 6 9 12

Step 3, Left:
1 2 4 8
5 7 0 11
13 15 3 10
14 6 9 12

Step 4, Down:
1 2 4 8
5 7 3 11
13 15 0 10
14 6 9 12

Step 5, Left:
1 2 4 8
5 7 3 11
13 0 15 10
14 6 9 12

Step 6, Down:
1 2 4 8
5 7 3 11
13 6 15 10
14 0 9 12

Step 7, Right:
1 2 4 8
5 7 3 11
13 6 15 10
14 9 0 12

Step 8, Up:
1 2 4 8
5 7 3 11
13 6 0 10
14 9 15 12

Step 9, Right:
1 2 4 8
5 7 3 11
13 6 10 0
14 9 15 12

Step 10, Up:
1 2 4 8
5 7 3 0
13 6 10 11
14 9 15 12

Step 11, Up:
1 2 4 0
5 7 3 8
13 6 10 11
14 9 15 12

Step 12, Left:
1 2 0 4
5 7 3 8
13 6 10 11
14 9 15 12

Step 13, Down:
1 2 3 4
5 7 0 8
13 6 10 11
14 9 15 12

Step 14, Left:
1 2 3 4
5 0 7 8
13 6 10 11
14 9 15 12

Step 15, Down:
1 2 3 4
5 6 7 8
13 0 10 11
14 9 15 12

Step 16, Down:
1 2 3 4
5 6 7 8
13 9 10 11
14 0 15 12

Step 17, Left:
1 2 3 4
5 6 7 8
13 9 10 11
0 14 15 12

Step 18, Up:
1 2 3 4
5 6 7 8
0 9 10 11
13 14 15 12

Step 19, Right:
1 2 3 4
5 6 7 8
9 0 10 11
13 14 15 12

Step 20, Right:
1 2 3 4
5 6 7 8
9 10 0 11
13 14 15 12

Step 21, Right:
1 2 3 4
5 6 7 8
9 10 11 0
13 14 15 12

Step 22, Down:
1 2 3 4
5 6 7 8
9 10 11 12
13 14 15 0

