Time taken: 6753.01 seconds
Path: SLLURRDLURULLURDLDRRULLLURDDLURRDLLDRRULLDRUURULDRRULDRDD
Path length: 56
Step 0, Start:
11 3 1 7
4 6 8 2
15 9 10 13
14 12 5 0

Step 1, Left:
11 3 1 7
4 6 8 2
15 9 10 13
14 12 0 5

Step 2, Left:
11 3 1 7
4 6 8 2
15 9 10 13
14 0 12 5

Step 3, Up:
11 3 1 7
4 6 8 2
15 0 10 13
14 9 12 5

Step 4, Right:
11 3 1 7
4 6 8 2
15 10 0 13
14 9 12 5

Step 5, Right:
11 3 1 7
4 6 8 2
15 10 13 0
14 9 12 5

Step 6, Down:
11 3 1 7
4 6 8 2
15 10 13 5
14 9 12 0

Step 7, Left:
11 3 1 7
4 6 8 2
15 10 13 5
14 9 0 12

Step 8, Up:
11 3 1 7
4 6 8 2
15 10 0 5
14 9 13 12

Step 9, Right:
11 3 1 7
4 6 8 2
15 10 5 0
14 9 13 12

Step 10, Up:
11 3 1 7
4 6 8 0
15 10 5 2
14 9 13 12

Step 11, Left:
11 3 1 7
4 6 0 8
15 10 5 2
14 9 13 12

Step 12, Left:
11 3 1 7
4 0 6 8
15 10 5 2
14 9 13 12

Step 13, Up:
11 0 1 7
4 3 6 8
15 10 5 2
14 9 13 12

Step 14, Right:
11 1 0 7
4 3 6 8
15 10 5 2
14 9 13 12

Step 15, Down:
11 1 6 7
4 3 0 8
15 10 5 2
14 9 13 12

Step 16, Left:
11 1 6 7
4 0 3 8
15 10 5 2
14 9 13 12

Step 17, Down:
11 1 6 7
4 10 3 8
15 0 5 2
14 9 13 12

Step 18, Right:
11 1 6 7
4 10 3 8
15 5 0 2
14 9 13 12

Step 19, Right:
11 1 6 7
4 10 3 8
15 5 2 0
14 9 13 12

Step 20, Up:
11 1 6 7
4 10 3 0
15 5 2 8
14 9 13 12

Step 21, Left:
11 1 6 7
4 10 0 3
15 5 2 8
14 9 13 12

Step 22, Left:
11 1 6 7
4 0 10 3
15 5 2 8
14 9 13 12

Step 23, Left:
11 1 6 7
0 4 10 3
15 5 2 8
14 9 13 12

Step 24, Up:
0 1 6 7
11 4 10 3
15 5 2 8
14 9 13 12

Step 25, Right:
1 0 6 7
11 4 10 3
15 5 2 8
14 9 13 12

Step 26, Down:
1 4 6 7
11 0 10 3
15 5 2 8
14 9 13 12

Step 27, Down:
1 4 6 7
11 5 10 3
15 0 2 8
14 9 13 12

Step 28, Left:
1 4 6 7
11 5 10 3
0 15 2 8
14 9 13 12

Step 29, Up:
1 4 6 7
0 5 10 3
11 15 2 8
14 9 13 12

Step 30, Right:
1 4 6 7
5 0 10 3
11 15 2 8
14 9 13 12

Step 31, Right:
1 4 6 7
5 10 0 3
11 15 2 8
14 9 13 12

Step 32, Down:
1 4 6 7
5 10 2 3
11 15 0 8
14 9 13 12

Step 33, Left:
1 4 6 7
5 10 2 3
11 0 15 8
14 9 13 12

Step 34, Left:
1 4 6 7
5 10 2 3
0 11 15 8
14 9 13 12

Step 35, Down:
1 4 6 7
5 10 2 3
14 11 15 8
0 9 13 12

Step 36, Right:
1 4 6 7
5 10 2 3
14 11 15 8
9 0 13 12

Step 37, Right:
1 4 6 7
5 10 2 3
14 11 15 8
9 13 0 12

Step 38, Up:
1 4 6 7
5 10 2 3
14 11 0 8
9 13 15 12

Step 39, Left:
1 4 6 7
5 10 2 3
14 0 11 8
9 13 15 12

Step 40, Left:
1 4 6 7
5 10 2 3
0 14 11 8
9 13 15 12

Step 41, Down:
1 4 6 7
5 10 2 3
9 14 11 8
0 13 15 12

Step 42, Right:
1 4 6 7
5 10 2 3
9 14 11 8
13 0 15 12

Step 43, Up:
1 4 6 7
5 10 2 3
9 0 11 8
13 14 15 12

Step 44, Up:
1 4 6 7
5 0 2 3
9 10 11 8
13 14 15 12

Step 45, Right:
1 4 6 7
5 2 0 3
9 10 11 8
13 14 15 12

Step 46, Up:
1 4 0 7
5 2 6 3
9 10 11 8
13 14 15 12

Step 47, Left:
1 0 4 7
5 2 6 3
9 10 11 8
13 14 15 12

Step 48, Down:
1 2 4 7
5 0 6 3
9 10 11 8
13 14 15 12

Step 49, Right:
1 2 4 7
5 6 0 3
9 10 11 8
13 14 15 12

Step 50, Right:
1 2 4 7
5 6 3 0
9 10 11 8
13 14 15 12

Step 51, Up:
1 2 4 0
5 6 3 7
9 10 11 8
13 14 15 12

Step 52, Left:
1 2 0 4
5 6 3 7
9 10 11 8
13 14 15 12

Step 53, Down:
1 2 3 4
5 6 0 7
9 10 11 8
13 14 15 12

Step 54, Right:
1 2 3 4
5 6 7 0
9 10 11 8
13 14 15 12

Step 55, Down:
1 2 3 4
5 6 7 8
9 10 11 0
13 14 15 12

Step 56, Down:
1 2 3 4
5 6 7 8
9 10 11 12
13 14 15 0

